TIMESTEP      SLICE_0      SLICE_1      SLICE_2      SLICE_3      SLICE_4      SLICE_5      SLICE_6      SLICE_7      SLICE_8      1      -3.33406e-005      4.01857e-005      0.000161226      -0.000124919      -9.00205e-005      3.9922e-005      -0.000196656      3.75036e-005      2.32663e-005      
2      0.00574644      0.0105637      0.0153562      0.0195895      0.0250777      0.0297649      0.0339835      0.038523      0.0442984      
3      0.00371334      0.00712226      0.00987026      0.0138002      0.0167166      0.0204073      0.0227716      0.0258571      0.0277813      
4      0.00312885      0.00527277      0.00709569      0.00977079      0.0121644      0.0147846      0.017153      0.0202669      0.0215185      
5      0.00233009      0.0041506      0.00610253      0.00806221      0.00965146      0.0122138      0.0134157      0.0153279      0.0178267      
6      0.00203517      0.00350226      0.00502766      0.00659946      0.00819926      0.0102311      0.011251      0.01301      0.0144627      
7      0.00180179      0.00298676      0.00436809      0.00567847      0.00692564      0.00841684      0.0096327      0.0113295      0.0127807      
8      0.00164846      0.00274437      0.0037897      0.00507246      0.00621317      0.00735163      0.0083671      0.0096423      0.0108838      
9      0.00135833      0.00222351      0.00333762      0.00447153      0.0056494      0.00634936      0.00781397      0.00884079      0.00951985      
10      0.00127516      0.00208692      0.00296204      0.00393227      0.00509399      0.0058902      0.00689963      0.00815003      0.00848697      
11      0.00104163      0.00178323      0.00279883      0.00366359      0.00448593      0.00547495      0.0065126      0.00712479      0.00780369      
12      0.000958235      0.00169927      0.00237868      0.00318151      0.00397753      0.00488447      0.00601275      0.00660607      0.00718927      
13      0.000895007      0.0015474      0.00221161      0.0030669      0.00376641      0.00473817      0.00516915      0.00611996      0.00686928      
14      0.000768722      0.00144221      0.00216507      0.00283706      0.00342381      0.00412729      0.0048011      0.00581445      0.00622333      
15      0.000720583      0.00137028      0.00198025      0.00280078      0.00330979      0.0039026      0.00478499      0.00528124      0.00572973      
16      0.000707148      0.0012729      0.00198252      0.00252225      0.00313083      0.00355008      0.00432808      0.00504269      0.00552508      
17      0.000698386      0.00121964      0.0017458      0.00226821      0.00292907      0.00354269      0.00407169      0.00475065      0.00514349      
18      0.000684589      0.00115749      0.00171414      0.00215462      0.00271086      0.00321877      0.00388154      0.00435265      0.00471477      
19      0.000578294      0.00102073      0.00164937      0.0020192      0.00264928      0.00322258      0.00357595      0.00400913      0.00461044      
20      0.000584004      0.00104844      0.00152219      0.00196808      0.00247808      0.00283167      0.00344574      0.00393353      0.00452581      
21      0.000538779      0.00101965      0.00143571      0.00189823      0.00228769      0.00287931      0.00330375      0.00381416      0.00418204      
22      0.00057552      0.000956596      0.00135027      0.00180582      0.00234727      0.0026809      0.00315345      0.00355125      0.00402623      
23      0.000571796      0.000954574      0.00128063      0.001632      0.00210547      0.00261474      0.00285809      0.00337056      0.00397166      
24      0.000502346      0.000861723      0.00124371      0.0016706      0.00206319      0.00246752      0.00286007      0.00323585      0.00374586      
25      0.000480047      0.000803585      0.00120581      0.00157882      0.0019872      0.00243031      0.00280486      0.00303069      0.00353234      
26      0.000462228      0.000778879      0.00111425      0.00151141      0.00187296      0.00224622      0.00261949      0.00315553      0.00337829      
27      0.000423074      0.000756771      0.00111231      0.00151162      0.00182892      0.00222679      0.00254264      0.00288339      0.00329882      
28      0.000407488      0.000740105      0.00102455      0.0013935      0.00174596      0.00214732      0.00255445      0.00283427      0.00303612      
29      0.000407053      0.000721058      0.00108556      0.0014237      0.00171915      0.00200328      0.00242338      0.00249692      0.0028991      
30      0.000355499      0.00062034      0.000961929      0.00130963      0.00173722      0.00203899      0.00243404      0.00270866      0.00282975      
31      0.000384069      0.000632666      0.000937247      0.00134903      0.00154949      0.00194038      0.00219302      0.00248435      0.00293052      
