1 0.246001 -0.0633168 0.558295
2 -0.171181 -0.675383 0.685038
3 0.831532 0.0687133 0.604831
4 0.555342 -0.551039 -0.394382
5 1.60609 -0.233547 0.553986
6 0.884661 -0.00917763 0.645339
7 0.673463 -0.041366 0.643028
8 0.760975 0.202359 0.413368
9 1.6713 0.465666 0.496594
10 1.35132 0.39426 -0.44882
11 1.19365 -0.739305 0.0356667
12 0.477486 -0.614529 -0.0683013
13 -0.859813 -0.715982 -0.261396
14 -0.529102 -1.01306 -0.726941
15 -1.13466 0.032791 0.00354192
16 -0.228628 -0.510077 -0.719996
17 -0.279949 -0.638887 -0.581968
18 -0.248079 0.0385367 0.577008
19 -0.653473 0.642402 0.5149
20 -0.486876 1.13065 -0.736659
21 -0.160047 1.81096 -0.747059
22 0.571525 1.75464 -1.11459
23 0.344667 0.676043 -1.60661
24 -0.725908 2.05652 -1.72756
25 -0.347247 3.03189 -2.11286
26 -0.986704 2.24284 -1.83061
27 -1.23355 2.95636 -2.02353
28 -1.03791 3.30922 -0.996263
29 -2.41444 3.69163 -2.11513
30 -2.16912 2.85961 -2.42208
31 -2.74382 2.72624 -2.31355
32 -3.58664 2.23662 -1.58796
33 -2.93509 1.59171 -2.40457
34 -2.68753 2.59921 -2.88419
35 -2.65993 2.27584 -2.69493
36 -3.19462 1.46662 -2.91859
37 -2.41072 0.536606 -2.77714
38 -2.82879 0.667552 -4.80556
39 -3.09169 1.36752 -3.79738
40 -2.93882 0.679713 -5.18959
41 -2.70755 1.58148 -4.30277
42 -3.3259 1.20916 -4.97813
43 -3.94232 0.109395 -5.05445
44 -3.45045 -0.0671546 -4.34231
45 -2.52241 1.69807 -3.37095
46 -2.8193 2.26714 -3.62814
47 -2.35005 3.00314 -3.42932
48 -1.95035 2.06601 -3.4152
49 -1.90217 2.4381 -3.55466
50 -2.70601 1.41029 -3.50255
51 -1.70479 1.22744 -2.32936
52 -1.52358 0.506926 -2.40216
53 -1.54156 0.291184 -1.77559
54 -1.60672 1.62711 -2.26756
55 -0.962131 1.68533 -2.69023
56 -0.696176 1.98937 -4.11648
57 -0.858647 0.571513 -3.83404
58 -0.201567 -0.306332 -3.73417
59 -0.384667 0.177578 -3.75731
60 -0.355914 0.371647 -3.29738
61 -0.593461 0.893666 -3.74142
62 -1.28043 0.00836038 -3.65603
63 -2.03215 0.790476 -2.55168
64 -1.08984 0.455551 -2.5762
65 -0.758292 -0.0195827 -2.01254
66 -0.671185 -0.365513 -1.41704
67 -0.303689 -0.446054 -2.20563
68 -0.331428 -0.199641 -2.23863
69 0.564918 -0.584929 -2.63372
70 0.0978256 -0.159828 -2.78261
71 0.970225 0.418641 -2.16037
72 0.60401 0.602326 -1.6723
73 0.744564 0.193586 -1.55815
74 -0.0226229 0.177025 -1.04886
75 -0.0323718 0.69494 -0.733784
76 -0.587331 0.841379 -0.959766
77 0.11097 2.50477 -0.733035
78 0.546197 1.05657 -1.46584
79 -0.146943 2.07617 -1.14491
80 -0.409766 1.82528 -0.652463
81 -1.17821 2.59124 -0.0930118
82 -1.52688 2.22938 -0.681191
83 -1.59583 1.44718 -0.312922
84 -1.00127 1.221 -1.04786
85 -0.568224 1.82847 -0.64931
86 -0.688238 2.15067 -1.02129
87 -0.958361 0.981743 -1.60038
88 -1.14045 1.74711 -2.39348
89 -1.31127 1.7077 -0.638033
90 -0.539245 1.5592 -0.67176
91 -1.27741 2.03266 -0.830484
92 -1.52347 1.05381 -1.32744
93 -1.85159 2.08294 -1.07785
94 -2.02048 1.69948 -0.788183
95 -2.3774 1.07515 -1.20303
96 -2.94667 1.46219 -0.5426
97 -2.03304 2.09128 0.208207
98 -1.65165 2.26892 0.693741
99 -1.81026 2.19045 1.8856
100 -1.58493 3.80175 0.860776
101 -0.963728 3.34638 1.57308
102 0.165772 3.47153 0.576671
103 -1.37042 2.75488 1.39798
104 -0.0772001 3.34345 0.908308
105 -0.440829 4.08559 0.983785
106 0.518243 3.9001 0.537788
107 0.575234 3.21368 0.14883
108 -0.173774 3.77529 -0.637164
109 -0.548719 4.08629 1.25746
110 -0.881355 4.79137 -0.0711656
111 -1.19271 4.93682 0.312347
112 -1.70418 4.39639 -1.34321
113 -1.06874 3.85243 -0.660211
114 -1.71872 4.84752 -0.94819
115 -1.17456 3.85074 -0.260318
116 -0.888288 4.28837 0.301571
117 -1.28409 3.98554 -0.596769
118 0.0258488 3.04979 -0.269126
119 -0.358154 3.4371 -1.05474
120 0.0398203 2.69739 -0.136762
121 -0.217045 2.56743 -0.636491
122 -0.236377 2.34379 -2.1512
123 0.658955 2.25001 -1.20056
124 -0.216984 2.82029 -1.35727
125 0.2368 3.37645 -1.48128
126 -0.291936 2.53362 -1.46904
127 -0.792838 2.49929 -0.382823
128 -0.598926 2.94949 -0.399371
129 0.119137 3.43551 -0.687619
130 1.1659 2.51068 -2.13636
131 1.11028 3.20605 -2.55976
132 1.08551 2.8177 -3.40453
133 0.297495 3.11484 -3.17876
134 0.851726 2.88931 -3.21053
135 0.748073 2.19328 -2.7954
136 1.30518 1.40841 -2.42901
137 2.15393 1.83228 -2.20508
138 1.9353 0.939562 -2.60667
139 1.77057 1.87964 -3.19748
140 0.957983 1.66687 -3.2636
141 0.566018 1.21434 -3.36126
142 0.537068 0.478994 -3.5845
143 -0.868917 -0.513798 -3.07806
144 -0.492435 0.891937 -3.04394
145 0.238405 -0.527624 -2.66276
146 1.01248 0.726121 -3.14476
147 0.944605 0.640257 -2.20133
148 1.60216 -0.0150645 -2.18466
149 3.03578 1.23896 -2.42268
150 2.21686 0.79251 -2.18125
151 2.01819 -0.147612 -2.77625
152 1.95198 -0.527106 -1.86015
153 1.22713 -0.690072 -2.50175
154 1.10126 -0.860798 -3.24311
155 1.46466 -0.667373 -2.80219
156 1.2678 -0.627885 -2.82044
157 1.10613 0.0509365 -3.25229
158 0.784706 1.17359 -3.3698
159 -0.000857391 1.21494 -2.61357
160 -1.23163 0.192629 -2.94006
161 -0.709477 0.507982 -2.99682
162 -0.747978 -0.022228 -2.21657
163 -0.100435 -0.194989 -1.75308
164 0.814593 -0.686698 -1.80971
165 -0.329873 -0.254494 -2.20775
166 -0.287183 0.217389 -2.39397
167 0.533694 0.0381983 -3.2704
168 1.11351 -0.527594 -2.96227
169 1.59595 0.950718 -1.95614
170 1.76588 0.474451 -2.66556
171 1.39844 -0.324611 -2.39173
172 0.724616 -0.243196 -3.25206
173 0.707985 0.682075 -2.40071
174 0.976355 1.07242 -3.0359
175 0.738532 0.156187 -2.78681
176 0.820441 0.646596 -3.48597
177 0.068302 -0.154404 -3.21231
178 -0.624143 0.821257 -3.46443
179 -0.384617 -0.569957 -3.49317
180 -1.5536 -1.09315 -2.47795
181 -1.76924 -1.74693 -3.42006
182 -1.06731 -0.252849 -4.34206
183 -0.840424 0.280805 -5.56197
184 0.228691 0.363496 -5.41915
185 0.97215 -0.0820645 -4.96003
186 0.717169 0.409135 -3.95274
187 0.220377 0.118716 -3.38357
188 1.45187 -0.230878 -4.80545
189 0.979816 -1.30329 -4.7383
190 -0.773543 -1.73377 -3.95124
191 -0.104136 -1.1682 -3.58331
192 -0.783699 -2.04811 -3.84267
193 -1.11022 -2.55779 -3.82318
194 0.289275 -2.72542 -2.81447
195 -0.691681 -2.47085 -2.83048
196 -1.76562 -2.45103 -3.63455
197 -2.15287 -3.15775 -3.81439
198 -2.23943 -2.75651 -3.15906
199 -2.29967 -3.49566 -3.49872
200 -1.45842 -3.45364 -2.90277
201 -2.06328 -3.00876 -3.00909
202 -2.84882 -2.45564 -2.81996
203 -3.60896 -2.61589 -1.95345
204 -2.84327 -2.74984 -1.45472
205 -2.35365 -1.62833 -0.959315
206 -2.77866 -2.28769 -1.61096
207 -3.26771 -2.26543 -1.28619
208 -2.87591 -2.53971 -1.12333
209 -3.4816 -3.4751 -1.26686
210 -3.13186 -2.55685 -0.455072
211 -3.03908 -2.05992 -0.116376
212 -3.52296 -2.48625 -0.923167
213 -3.42811 -1.9029 -0.429351
214 -2.53865 -1.80635 0.202211
215 -2.34778 -1.9505 0.543239
216 -2.02467 -0.746094 0.53574
217 -2.58085 -1.14955 0.806979
218 -3.30228 -1.35133 -0.463823
219 -2.60371 -1.55592 -0.488176
220 -2.2956 -2.33819 -1.26979
221 -1.85918 -2.61648 -1.05109
222 -2.38248 -2.35955 -1.22631
223 -2.29938 -2.63008 -1.0415
224 -3.28063 -1.18161 -1.1856
225 -4.05123 -1.45573 -1.01094
226 -3.50813 -0.815396 -0.447349
227 -3.41324 -1.26498 0.74178
228 -2.47656 -0.796142 1.30255
229 -3.10107 -0.554873 1.28134
230 -3.84945 -0.548624 1.99408
231 -3.94575 -0.11464 1.96786
232 -3.7224 0.892095 1.42981
233 -2.9438 0.416394 1.47816
234 -2.42885 -0.788645 1.38458
235 -3.4272 0.160629 1.74528
236 -3.34559 0.140151 1.3787
237 -3.44883 -0.151096 1.55999
238 -3.45683 0.217219 1.61609
239 -3.39107 -0.249515 1.25045
240 -3.7487 -0.68578 1.33655
241 -3.39756 -0.803973 1.2876
242 -2.85306 -1.29 2.39061
243 -2.70654 -0.75171 1.97941
244 -2.4156 -1.33764 1.88753
245 -2.62166 -1.10721 0.979923
246 -2.74858 -2.12442 0.600336
247 -2.1475 -2.10661 0.396085
248 -2.0685 -2.01502 0.416004
249 -2.10702 -1.8348 0.812951
250 -2.68833 -2.12674 0.473629
251 -3.23547 -1.76808 1.9041
252 -3.57838 -0.448973 1.09321
253 -3.75938 -0.26154 0.483101
254 -3.10639 -0.867452 -0.0815321
255 -3.5016 -0.583997 -0.865421
256 -3.0599 0.38812 -0.398999
257 -2.54445 0.464012 -0.335376
258 -2.3559 -0.171038 0.509376
259 -2.08885 -0.298593 0.190583
260 -1.79332 0.0421858 -0.454096
261 -1.74542 1.49695 0.932014
262 -2.70306 1.24283 0.589156
263 -3.1651 0.98849 1.12987
264 -3.24753 0.321066 0.602335
265 -3.3641 1.76527 1.98143
266 -2.33766 1.18652 1.67439
267 -1.93335 1.13171 0.0397383
268 -2.89612 1.54948 -0.116582
269 -2.64547 0.101993 -0.0858546
270 -2.59364 0.15745 -0.996502
271 -2.0093 0.154516 -0.0316509
272 -2.93651 -0.582917 0.0608058
273 -2.44563 -0.234497 0.458717
274 -2.94028 -0.255514 0.885137
275 -3.47106 -0.406932 1.05069
276 -3.17751 0.208173 -0.120195
277 -2.53532 0.77163 -0.739135
278 -3.26295 0.260532 -0.149245
279 -2.40106 0.416103 -0.265339
280 -2.5016 1.39835 0.228607
281 -3.1769 2.43781 -0.706309
282 -2.53963 0.995738 -0.363368
283 -3.23967 0.268092 0.73743
284 -2.82338 1.62214 0.525089
285 -2.8018 1.34327 0.234196
286 -1.54257 1.50117 -0.928711
287 -0.999575 1.12016 -0.226289
288 -2.11542 1.52679 -0.165584
289 -2.17606 1.25164 0.227788
290 -2.7799 1.30876 -0.74291
291 -2.32654 1.5331 -1.05642
292 -1.68807 1.15251 -0.633199
293 -1.67222 1.07415 -0.40585
294 -2.21355 1.85555 -0.897959
295 -2.75652 1.82786 -0.374961
296 -2.65816 2.62133 1.09925
297 -2.91592 0.707671 0.831961
298 -2.47266 1.49211 0.262983
299 -2.36073 1.43941 0.225586
300 -2.47454 1.21557 0.329212
301 -2.29432 1.93034 0.031667
302 -2.95078 0.26106 0.0525251
303 -2.27934 0.959035 -0.720476
304 -2.62619 -0.0149979 -0.955075
305 -2.65352 -0.210905 -0.527492
306 -2.54227 -0.139018 -0.967035
307 -2.15002 -0.190939 -1.23142
308 -1.6153 0.306435 -1.1611
309 -1.85533 -0.101171 -1.08313
310 -1.46322 -0.871452 -0.263231
311 -2.09284 -1.29642 -0.725369
312 -1.52437 -0.995828 -0.0982872
313 -0.912818 -1.73111 -1.3718
314 -1.63294 -1.01934 -1.07316
315 -1.49812 -1.23683 -0.929199
316 -1.39518 -0.898777 -0.882222
317 -1.48405 -2.03046 0.399855
318 0.250308 -1.42693 0.0321758
319 -0.771541 -1.08177 -0.235
320 -1.52322 0.0932974 0.116581
321 -0.544412 -0.497833 0.197261
322 -0.873565 -0.269976 -0.63144
323 -2.47861 -1.30988 0.255858
324 -3.34106 -1.78635 0.273714
325 -1.8724 -1.19942 0.301426
326 -1.7121 -1.48481 -0.286088
327 -1.79299 -0.961998 0.496068
328 -2.33748 -0.208484 -0.42553
329 -1.07048 -0.536649 -0.298311
330 -0.668131 -1.3804 0.323793
331 -1.36773 -0.598943 0.324471
332 -1.54205 -0.183351 1.03246
333 -1.03949 -1.06743 1.28721
334 -1.23581 -1.81805 0.918976
335 -1.02015 -2.89196 1.14921
336 -1.18932 -2.60996 -0.176493
337 -1.93959 -2.80816 -1.73303
338 -1.14113 -3.65657 -1.49839
339 -0.289935 -2.45579 -0.849961
340 -0.549995 -1.67615 -0.121871
341 -0.103657 -1.93874 -0.427644
342 0.476791 -0.679091 -0.612532
343 0.480438 -0.00382563 -0.840797
344 0.51059 -0.61971 -0.143005
345 1.37409 -0.969987 -0.193195
346 1.14946 -1.74028 -0.340703
347 0.632056 -2.39582 -0.796955
348 0.272266 -2.36907 -1.72581
349 1.09198 -1.72259 -0.880945
350 0.830766 -1.94756 -1.06406
351 0.599436 -1.51795 -1.85247
352 0.134548 -1.25298 -2.094
353 0.0204568 -1.20715 -1.85064
354 0.630602 -1.70869 -2.52155
355 0.55346 -0.452085 -1.7418
356 0.311301 -0.461089 -2.02476
357 -0.0379586 -0.275853 -2.43259
358 0.107508 -0.135088 -1.08658
359 0.196792 0.437264 0.423871
360 0.646963 0.609373 -0.899418
361 -0.468555 0.819126 -1.3726
362 -0.62492 0.401663 -1.0357
363 0.0651449 0.0384103 -1.32259
364 -0.456318 0.194154 -1.82591
365 -0.954945 0.318718 -1.73194
366 -0.154354 0.0985831 -0.822264
367 -0.206322 0.498426 -1.51905
368 0.342775 0.289523 -1.73131
369 -0.53077 -0.650098 -0.625403
370 -0.0302319 -1.53558 -1.22817
371 -0.315418 -1.18275 -1.71051
372 -0.636506 -1.62878 -2.66961
373 0.196427 -0.515739 -1.40536
374 -0.0820717 -0.117299 -1.98785
375 -1.05477 -0.329252 -1.08604
376 -1.09345 -0.903221 -1.87204
377 -0.417109 -1.32342 -1.88365
378 -0.298876 -0.580905 -1.16696
379 -1.20424 -0.942569 -1.22582
380 -1.96187 -0.666204 -2.37002
381 -1.54399 -1.57904 -1.72945
382 -0.0476233 -0.566268 -1.84592
383 -0.699883 -0.307287 -1.3932
384 -0.484854 0.175211 -0.519432
385 -0.411296 -0.0627777 -0.642448
386 -0.4095 -0.193869 0.0849585
387 -0.36261 -0.134545 0.0895104
388 0.727087 0.179891 -0.174135
389 0.000632676 0.30541 0.345034
390 0.299435 -0.291663 -0.0322126
391 -0.400848 -0.209594 1.15694
392 -0.354981 -0.40813 0.704853
393 -0.513462 0.407236 0.113943
394 -1.08481 -0.291172 0.109917
395 -0.98241 0.421511 0.0731309
396 -0.822027 -0.297306 -0.449137
397 -0.696083 0.292722 -0.00694303
398 -1.26763 0.151776 0.987592
399 -1.8921 -0.4625 1.12357
400 -0.928917 -0.993357 1.44016
401 -0.485632 -0.676723 0.24806
402 -1.47821 -0.854978 -0.115342
403 -1.12484 -0.460808 -0.381943
404 -1.5394 -0.315498 0.157953
405 -1.32978 -0.804943 -0.718926
406 -1.4062 -0.359447 -1.52267
407 -1.18488 0.079157 -1.95931
408 -1.30261 -0.075911 -2.06595
409 -2.93045 -0.555406 -2.63283
410 -3.19791 -0.23382 -3.29074
411 -3.47874 0.296956 -3.10528
412 -2.89067 -0.815138 -1.40013
413 -3.02787 -0.815247 -2.40798
414 -3.58779 -0.678825 -2.67039
415 -3.1636 -1.85214 -1.53991
416 -2.74055 -0.798508 -1.07689
417 -2.08768 -1.19576 -1.57428
418 -1.70783 -0.961997 -1.8928
419 -1.99544 -1.13427 -2.00604
420 -1.8259 -0.875094 -2.00077
421 -1.85326 -2.01865 -1.06273
422 -2.73816 -1.39736 -2.4755
423 -2.64508 -0.920854 -2.14502
424 -2.88071 -0.424864 -2.85301
425 -2.74798 -0.398485 -2.60487
426 -2.5306 0.0126387 -1.83303
427 -2.31811 -0.101465 -2.73852
428 -2.46816 -0.0112531 -2.16686
429 -1.71226 0.461902 -2.0541
430 -1.85226 1.37425 -2.36365
431 -1.75983 0.605467 -1.80402
432 -0.965411 0.723542 -2.12837
433 -1.31166 0.0208482 -2.83502
434 -1.66188 0.793546 -2.81682
435 -1.56123 1.23153 -2.7705
436 -2.02636 1.37863 -3.23433
437 -2.06244 1.75674 -2.66787
438 -1.47902 1.77951 -3.01926
439 -1.30792 1.74338 -3.0344
440 -1.41674 2.04829 -3.04396
441 -0.0731095 1.72482 -3.1846
442 0.602865 2.24125 -3.12848
443 -0.500809 1.23783 -3.21375
444 -0.60607 1.69771 -1.71693
445 0.930106 0.69068 -2.456
446 -1.18126 0.705414 -3.00832
447 -1.29536 0.323421 -1.78878
448 -1.21471 -0.599996 -3.09761
449 -2.0897 -0.416699 -2.26659
450 -2.06247 0.38211 -1.97852
451 -1.94822 0.509172 -1.89983
452 -2.10324 0.26761 -1.0213
453 -1.15606 0.732456 -2.09921
454 -1.12515 0.388436 -1.71989
455 -1.26106 0.495695 -0.703469
456 -0.595451 0.601683 -1.95432
457 0.1238 1.13538 -1.94336
458 -0.875263 0.680172 -1.88498
459 -0.632976 -0.66188 -2.30691
460 -0.0522412 -0.105399 -2.59967
461 -0.876939 -0.552219 -1.65457
462 -0.268853 -0.7604 -1.83006
463 -0.137011 -1.55312 -1.94977
464 0.808482 -1.63648 -2.31087
465 -0.449631 -0.802479 -2.6548
466 -0.235422 -0.750507 -2.95046
467 -0.0986546 -0.921427 -3.03387
468 -0.163093 -1.93254 -3.21013
469 -0.954451 -1.67581 -3.10869
470 -1.51474 -1.60905 -2.59301
471 -1.02214 -1.14235 -3.03517
472 -0.72992 -0.758603 -3.28762
473 -1.31563 0.0127476 -3.0036
474 -1.23098 0.286693 -3.66568
475 -1.88398 0.140849 -2.97796
476 -0.82382 -0.841948 -3.27308
477 -0.595531 0.429488 -3.66989
478 -0.823991 0.422868 -3.85991
479 -0.497738 0.0402223 -4.44342
480 -0.353252 -0.199926 -2.46061
481 -0.443227 0.531596 -4.17096
482 -0.178686 0.576794 -4.1391
483 0.0737571 0.805069 -3.48456
484 0.120575 0.715576 -3.15593
485 -0.212335 0.0670312 -3.77378
486 0.632178 -0.0900849 -3.11517
487 1.48118 -0.0384693 -3.49214
488 0.851237 -0.433339 -2.94781
489 -0.850875 -0.492743 -2.77863
490 -0.330973 0.577963 -4.25299
491 -1.21359 -0.0220421 -3.00039
492 -0.900846 1.50822 -2.3411
493 -1.38829 1.69555 -1.7534
494 -1.21037 1.31409 -1.80143
495 -2.07365 1.57431 -2.4136
496 -0.632078 1.83941 -2.1267
497 -0.842779 1.58144 -3.33292
498 -0.460269 1.40413 -2.79663
499 -0.140448 1.69515 -3.6848
500 -0.248086 0.825141 -4.44118
501 -0.279275 0.333734 -4.12976
502 -0.592118 -0.0523275 -4.37484
503 0.208942 -0.341513 -2.92705
504 0.0818349 -0.375693 -2.11275
505 1.15874 1.07596 -1.77535
506 -0.0772213 1.05896 -2.33591
507 0.0456987 0.234376 -2.58539
508 -0.152724 1.00467 -1.99415
509 0.200746 0.414355 -1.93164
510 0.135164 1.06279 -1.62498
511 -0.566256 -0.529194 -1.73232
512 0.077356 0.350918 -2.56544
513 0.84686 -0.404075 -1.53501
514 1.41333 -0.240422 -1.58378
515 0.262313 0.108646 -1.32831
516 -0.0932922 0.445749 -2.18005
517 -0.507445 0.567223 -2.70767
518 -0.534908 0.219608 -2.35865
519 -1.95812 0.754408 -2.26848
520 -1.30469 0.763787 -2.94132
521 -2.06046 1.66161 -2.8675
522 -2.74998 1.13735 -3.30586
523 -3.28175 0.454395 -3.0424
524 -3.58017 1.0869 -3.12802
525 -3.1089 1.15266 -3.29891
526 -3.41549 1.9882 -2.45787
527 -2.91531 1.80695 -3.479
528 -3.35487 1.22833 -2.75188
529 -3.67565 0.777329 -2.20778
530 -4.81565 0.863594 -2.97692
531 -4.09654 1.44999 -3.41386
532 -5.58717 1.33534 -3.49684
533 -5.42679 0.964402 -3.23326
534 -4.82196 0.782835 -3.31023
535 -4.61242 0.665899 -3.02606
536 -4.66902 1.28566 -2.94548
537 -3.77713 0.851048 -2.77265
538 -3.26718 0.518979 -2.55515
539 -4.31422 1.06902 -4.04614
540 -3.54959 0.118163 -3.64446
541 -4.17569 -0.370359 -2.35665
542 -4.31027 -0.301345 -1.94053
543 -3.664 1.26453 -2.48353
544 -3.04989 1.39185 -2.45731
545 -2.67994 1.01632 -1.21522
546 -2.49641 0.796041 -2.05178
547 -3.57399 0.892762 -0.57125
548 -3.97194 0.337493 -1.28246
549 -4.47076 0.711587 -1.23125
550 -4.5775 0.382139 -1.64394
551 -3.95496 1.44778 -2.15042
552 -2.7371 1.04231 -2.53825
553 -3.44798 1.84667 -1.40067
554 -3.79445 2.40683 -1.28466
555 -3.84402 2.18439 -0.788142
556 -4.05038 2.643 -1.07915
557 -4.19159 2.73578 -0.873659
558 -4.22153 2.90847 -0.108922
559 -4.37547 3.24293 -0.666727
560 -4.69348 2.78009 0.719217
561 -4.16575 1.4944 0.667517
562 -3.2447 2.50939 0.00768822
563 -3.66249 3.14864 0.400213
564 -3.98977 3.08313 0.936017
565 -3.8051 3.29406 0.0466166
566 -4.24616 3.93245 1.30125
567 -5.50624 4.44641 2.40094
568 -5.00048 2.74212 2.70528
569 -4.37423 2.12465 1.94287
570 -4.43911 2.39357 1.84932
571 -4.87272 1.53814 2.04516
572 -4.04911 1.29112 1.70019
573 -3.86741 2.30887 2.02886
574 -4.19725 1.9692 1.00597
575 -4.75642 3.72224 0.358698
576 -4.71949 3.84839 0.720501
577 -4.04991 3.11539 0.760764
578 -4.21008 2.39038 1.2896
579 -4.69127 3.19263 2.36639
580 -4.59612 3.54881 2.32965
581 -5.20374 3.41647 1.18921
582 -4.45044 2.56248 1.71512
583 -4.15942 2.66329 0.994113
584 -5.06779 1.57558 0.589005
585 -4.26544 2.10641 0.0589698
586 -5.19172 2.5405 -0.386883
587 -4.26288 1.66751 -0.876274
588 -3.71189 1.71327 -0.520448
589 -3.35453 3.35904 -1.06575
590 -1.98485 3.18412 -1.46918
591 -2.18935 2.77046 -0.195047
592 -1.5903 3.15075 1.24301
593 -2.26782 2.05131 -0.35999
594 -1.99345 2.07415 1.37718
595 -2.637 1.65078 0.836075
596 -2.26007 0.75936 1.54106
597 -2.38116 1.34598 2.91664
598 -2.40806 0.308234 2.23858
599 -3.24649 0.410723 1.86449
600 -2.70924 1.0367 1.70064
601 -3.21692 -0.152872 1.78523
602 -2.45158 1.33853 1.96583
603 -3.13365 2.35999 2.17351
604 -3.21757 1.68828 1.44621
605 -3.80984 2.97045 0.148265
606 -3.91155 3.31376 0.690659
607 -3.13816 3.82393 0.955124
608 -2.42525 3.258 1.12171
609 -2.8922 2.5434 1.35462
610 -2.33308 3.40041 1.39867
611 -2.10908 3.15498 2.65314
612 -1.44506 3.15373 2.30318
613 -2.36086 3.53913 1.89931
614 -3.49645 2.10725 2.44681
615 -3.17089 2.11435 1.97184
616 -2.91466 1.90084 1.8016
617 -3.23 2.11867 1.96984
618 -1.79184 1.9417 2.14797
619 -1.03531 0.98192 2.67
620 -1.44937 1.67921 2.3757
621 -2.7265 2.16162 3.11017
622 -2.10089 2.05349 3.27818
623 -1.69864 2.11774 3.37542
624 -3.20035 1.9611 3.34072
625 -2.26906 2.38273 3.61968
626 -2.40852 2.10708 3.42967
627 -2.20975 2.76709 2.70673
628 -2.72859 1.85181 3.12952
629 -1.16733 1.84647 2.04097
630 -0.908211 1.60661 2.05972
631 -0.87452 2.12917 2.15938
632 -0.748171 2.57093 2.08835
633 -0.829579 2.24597 1.52428
634 -1.60062 1.51128 1.1117
635 -1.46467 1.93534 0.38083
636 -0.814453 1.67632 0.668778
637 -2.24941 1.59927 -0.355577
638 -1.75377 1.58866 -0.83197
639 -2.09785 2.24216 0.47227
640 -1.20132 2.02309 -0.926189
641 -1.72898 1.1764 -0.144442
642 -1.92473 2.04924 -0.939231
643 -1.98909 2.73516 -0.60987
644 -1.74088 1.80036 -0.727044
645 -1.74431 1.72825 -1.34546
646 -1.31549 1.71459 -1.88889
647 -1.2158 1.25355 -1.5946
648 -1.45368 1.70569 -2.01592
649 -1.31865 2.3597 -2.14578
650 -1.602 2.16451 -2.49053
651 -1.56764 2.15533 -3.20449
652 -0.438967 1.54962 -3.00803
653 -1.27316 1.13171 -2.83888
654 -2.38126 2.42941 -2.06925
655 -2.10816 2.25029 -2.0333
656 -1.60448 2.34738 -2.73104
657 -2.58536 1.12947 -2.44509
658 -3.1436 1.47262 -0.949419
659 -3.14137 1.38893 -1.52853
660 -2.79472 0.747548 -1.10384
661 -3.63315 0.782323 -0.950255
662 -3.2304 0.99892 -0.0717418
663 -2.98843 1.03084 -0.374517
664 -2.49127 1.62596 -0.519927
665 -3.10361 2.40904 -0.630926
666 -4.00659 1.67047 -0.330241
667 -3.43924 1.33004 -0.0498615
668 -2.69923 0.857173 0.526931
669 -3.03537 0.529906 1.15884
670 -3.3849 -0.279032 0.121136
671 -3.35564 0.538974 -0.00658827
672 -3.42592 1.02848 -0.557244
673 -3.21006 0.6961 -0.804683
674 -3.78764 0.387694 -0.451873
675 -3.91308 1.26576 -0.777987
676 -3.70339 0.378451 -1.81159
677 -3.98357 -0.142102 -1.59767
678 -4.95834 -0.000162904 -1.98262
679 -3.84378 0.00625109 -1.3065
680 -2.93363 -0.719897 -0.924818
681 -3.42989 -0.501155 -0.248859
682 -1.52429 0.508974 -0.868448
683 -2.17552 -0.129953 -2.19553
684 -1.15558 0.32265 -1.51675
685 -2.30742 1.49186 -1.53084
686 -2.81031 0.141154 -1.57352
687 -3.7664 1.28858 -0.705788
688 -3.787 1.10071 -0.602597
689 -3.44394 0.407648 -0.785592
690 -4.24087 1.15632 -0.0258523
691 -3.58216 1.37493 -1.09034
692 -3.35396 0.826925 -1.40955
693 -3.5439 1.21575 -1.76366
694 -2.60214 1.44769 -1.27713
695 -3.04769 0.333534 -1.3896
696 -2.27212 1.09247 -1.53285
697 -1.81952 1.18854 -1.52767
698 -1.71106 1.13037 -2.68856
699 -0.999339 -0.0527341 -2.53114
700 -2.05596 0.455355 -3.0152
701 -1.03028 0.0985275 -2.20595
702 -1.03914 0.358566 -2.82831
703 -0.944681 0.124762 -1.33197
704 -2.09376 0.461323 -1.59425
705 -1.82004 0.740474 -0.611492
706 -2.73055 2.10345 -0.602482
707 -2.40894 1.49389 -1.13701
708 -1.64846 1.76141 -0.243651
709 -2.73683 1.11244 0.775044
710 -3.32982 0.688041 0.715189
711 -2.99753 0.616641 0.57268
712 -2.73514 0.736266 0.286314
713 -1.74441 1.26917 -0.25175
714 -0.479022 1.63794 -0.575633
715 -0.748231 0.090444 0.315184
716 -0.480386 -0.479448 0.145671
717 -1.04804 0.223241 0.643278
718 -0.336037 0.889753 0.0114579
719 -1.04346 1.19654 -0.843413
720 -1.19647 1.62415 -0.891295
721 -2.60366 1.52745 0.0197667
722 -1.81154 1.70629 1.08354
723 -1.73109 1.70584 0.871696
724 -1.36238 0.421372 0.417294
725 -2.12352 0.855006 -0.364413
726 -1.24684 1.53557 -0.0948019
727 -2.83964 1.47109 0.701536
728 -2.20303 1.73775 0.588154
729 -2.00286 1.35069 0.812333
730 -1.90356 1.94711 0.745626
731 -2.6014 0.574287 1.06119
732 -1.96766 0.778897 0.569044
733 -1.49007 0.803173 0.177369
734 -2.41424 1.34855 -0.027057
735 -1.73743 0.371406 -0.166886
736 -2.01712 0.737101 0.328229
737 -1.94146 0.52304 0.931701
738 -0.877059 0.254249 0.2483
739 -1.61797 0.253395 0.25627
740 -3.13194 0.464145 0.738916
741 -2.03461 0.406282 2.0694
742 -1.39203 -0.386858 1.90337
743 -2.12979 -0.718005 1.97054
744 -1.87361 -0.00286318 2.12762
745 -3.38325 -0.652058 1.68558
746 -2.94214 -0.477806 2.90994
747 -2.12792 0.0547275 2.11669
748 -1.61222 -1.30213 2.03807
749 -1.76702 -0.184232 0.945322
750 -1.46804 -1.59593 1.69218
751 -0.959657 -0.201112 2.86073
752 -1.32931 -0.0584984 2.59673
753 -0.95607 0.255422 1.20913
754 -0.493073 0.345902 2.05228
755 -0.569948 1.29866 2.16788
756 -1.07972 1.15346 1.98394
757 -1.04464 1.20752 2.89774
758 -0.716069 2.47734 2.22067
759 -1.7224 1.45752 1.63978
760 -1.99411 2.08558 0.84302
761 -1.47606 1.7593 0.812307
762 -1.47628 0.45801 0.678638
763 -1.58309 0.909703 0.517949
764 -2.25102 0.515086 -0.127977
765 -2.44755 1.65258 -0.463893
766 -1.42793 1.63822 0.794903
767 -0.747865 2.25208 -0.382452
768 -0.0292603 1.74955 -0.292723
769 0.446662 1.34545 1.03211
770 0.405663 1.94885 0.889491
771 0.718384 1.942 1.2908
772 0.441683 1.62682 1.12184
773 0.338768 1.51785 1.86081
774 -0.107767 1.97641 0.49007
775 -0.311064 2.07262 1.00342
776 -0.00336632 1.56875 1.02954
777 -0.0394522 1.41926 1.12526
778 -0.388788 1.75296 0.826037
779 -0.769251 2.05716 0.0893678
780 -0.383147 1.47278 0.143762
781 -0.144371 1.13819 -0.9025
782 -1.24527 1.56984 -0.736038
783 -1.20575 0.9917 -1.74952
784 -1.66379 0.724294 -1.73606
785 -1.31486 0.797672 -0.38735
786 -1.19054 0.775093 0.197636
787 -0.783043 0.390135 0.274514
788 -0.801194 1.4094 0.463831
789 -0.200613 2.00265 0.451053
790 -1.02559 2.23687 -0.554995
791 0.753854 2.5526 -0.389132
792 -0.947984 3.74913 0.265336
793 -1.42541 3.06553 0.317742
794 0.337237 2.39991 -0.315012
795 -0.472115 2.33496 0.217252
796 -0.248121 2.1203 0.17344
797 0.636085 2.27652 0.144356
798 0.204762 1.58564 0.177423
799 -0.327379 1.59283 1.60612
800 0.353551 0.669223 0.454624
801 0.844619 -0.138824 0.491595
802 0.428755 0.326271 0.457621
803 1.63123 0.48107 -0.221318
804 2.39361 0.0306494 -0.0389262
805 1.51947 -0.618639 0.741898
806 1.59433 -1.2663 1.87954
807 1.40209 -0.0111727 0.50029
808 1.09002 -0.0299626 0.157301
809 0.57551 0.177302 1.10557
810 -0.0840302 1.17912 0.736994
811 -0.101253 0.701786 1.37407
812 -0.0800455 0.89657 2.13462
813 0.976737 0.518506 2.22964
814 1.31798 1.31349 2.72179
815 1.64264 1.55115 2.23498
816 2.14077 0.998713 2.15335
817 2.19562 0.750907 1.52249
818 1.26284 0.707679 1.87152
819 1.43491 1.63871 2.44642
820 1.64244 0.854852 1.85572
821 0.734781 1.00174 1.19126
822 -0.373774 0.816917 0.981342
823 0.473351 0.64532 1.38032
824 0.666564 0.580391 0.824845
825 0.541545 -1.24332 1.86184
826 0.839146 -0.699398 1.70898
827 0.576246 -2.49111 1.34366
828 0.135496 -2.49623 1.63115
829 0.401311 -2.33774 2.21387
830 0.269156 -1.50273 1.08386
831 0.0186981 -1.28678 0.964545
832 0.335613 -1.92961 2.25813
833 -1.00523 -0.66051 1.00418
834 -0.930883 -0.591464 0.782601
835 0.159492 -0.435434 0.474618
836 -1.04639 -0.161806 0.997498
837 -0.527295 0.293531 0.538095
838 0.116607 1.22592 2.15679
839 0.10906 1.01427 1.1206
840 -0.226962 0.588987 0.932137
841 0.940632 0.443193 -0.222792
842 1.57326 1.37462 -0.188103
843 1.28438 2.11692 0.437575
844 2.3332 2.06778 0.0643919
845 0.953024 0.279686 0.13651
846 1.97992 0.623584 0.223899
847 0.0231727 0.445774 0.652604
848 0.154207 0.625188 0.0868793
849 0.424701 -0.290787 -0.0342767
850 0.983815 -0.389399 -0.165252
851 0.683717 -0.569885 -0.869155
852 1.74369 -1.2607 -0.711676
853 2.11715 -0.441093 -0.916038
854 0.311755 -0.575365 -0.712429
855 0.667836 0.457326 0.101745
856 0.0480085 2.30304 -0.395306
857 -0.784922 2.07619 -1.42881
858 -0.956028 2.05657 -1.2509
859 -1.7008 1.74729 -1.35943
860 -1.83927 2.67525 -1.2748
861 -1.50033 2.29157 -0.543273
862 -3.04172 2.26357 -1.27837
863 -3.08386 2.47672 -0.943486
864 -1.51804 1.71685 -0.614812
865 -2.98867 2.05744 -0.481195
866 -2.68258 1.15965 -0.483173
867 -2.76016 1.6394 0.810081
868 -3.21993 2.11789 0.59628
869 -1.9724 1.94557 -0.291828
870 -2.5664 2.24674 -0.0265407
871 -2.67336 1.20747 0.668407
872 -3.44032 2.00083 0.801459
873 -3.11988 0.907203 0.061256
874 -2.98705 1.88969 0.203542
875 -2.44379 1.98921 -0.441287
876 -1.00712 2.47747 -0.242256
877 -1.65046 2.2965 -0.571602
878 -0.806769 2.41973 -0.965281
879 -0.933012 2.27947 -0.134299
880 -0.938169 1.55455 0.287457
881 0.581155 1.52072 -0.460529
882 -0.442347 1.39977 -0.326308
883 0.334582 1.73148 -1.00349
884 0.820246 1.1003 -0.537725
885 1.27907 1.1784 -0.722243
886 -0.141018 1.01904 0.166125
887 0.0231786 0.559231 0.12214
888 -0.659179 0.767267 0.638608
889 -0.913507 2.28389 1.45519
890 -0.0431847 2.73562 1.38416
891 0.357697 2.92706 0.669725
892 0.270818 3.27062 0.773591
893 0.0880293 4.03762 -0.149669
894 0.714592 3.50704 -0.845206
895 0.247662 2.97485 -0.8
896 0.2023 2.14806 -1.42857
897 0.220904 1.74034 -1.00303
898 0.577512 0.907702 -1.40568
899 0.195724 1.06272 -1.26655
900 -1.16982 1.11992 -0.847082
901 0.27222 0.845762 -1.20578
902 -0.415841 0.0182482 -0.652399
903 -0.631799 0.0329819 -0.284315
904 -0.815499 0.330306 -1.08367
905 -0.871116 1.6201 -0.418543
906 0.874587 1.07519 0.215919
907 2.36829 0.9429 -0.616554
908 1.18801 -0.0485348 0.10293
909 1.40339 0.174995 0.104941
910 0.956141 0.6177 -0.34853
911 0.412172 1.38493 -0.717712
912 0.657686 2.03556 0.499187
913 0.844655 0.453259 1.08258
914 0.41894 0.231282 0.557676
915 1.07793 0.448686 0.539954
916 0.173555 0.746877 1.4862
917 -0.952116 0.168001 0.361478
918 -1.63456 1.45438 0.882637
919 -0.281054 1.72533 1.14858
920 -0.498217 1.45185 1.0217
921 -0.61934 1.54819 0.49414
922 0.245467 0.896671 0.292882
923 0.51045 0.205823 0.987585
924 0.405952 -0.511015 0.765963
925 0.255315 0.124194 1.8187
926 0.718671 0.311375 1.9444
927 1.16584 0.685263 1.88401
928 1.13469 0.891674 2.13153
929 1.43637 0.320547 3.54007
930 1.46575 0.599264 1.89298
931 1.30298 -1.18846 2.98503
932 0.31612 -0.445281 3.15215
933 0.816926 -0.746676 2.982
934 0.361635 -0.833315 2.88684
935 0.989013 -0.29426 2.7745
936 0.955838 0.0348733 2.3028
937 1.43808 -0.364811 1.59262
938 2.11219 -0.151548 2.48763
939 1.88227 0.409073 3.47296
940 1.97117 -0.379635 2.104
941 1.30714 0.343463 1.91934
942 2.39689 -0.381423 1.21341
943 2.12193 0.0679243 1.57705
944 1.87276 0.430427 1.73165
945 2.1986 -0.741628 2.24836
946 2.2558 -1.6105 1.09338
947 2.03812 -1.1034 1.00603
948 2.12518 -0.989528 1.04421
949 1.60501 -0.258594 -0.092642
950 1.73473 -0.0898471 -0.33903
951 0.40535 -0.906343 0.354642
952 0.680414 0.39938 0.268908
953 0.609362 0.474351 -0.314043
954 0.151487 0.217504 -0.412141
955 -0.144053 -0.486083 0.161375
956 1.60879 -0.825599 0.228479
957 0.998973 0.415958 0.439002
958 1.80375 0.700522 0.242643
959 0.738454 1.26322 0.329182
960 2.08691 1.07217 0.714829
961 1.59217 0.818868 -0.8547
962 2.04669 1.06106 -1.76733
963 2.91109 0.765759 -0.878202
964 2.56459 0.631641 -0.352258
965 1.86279 1.512 -0.317109
966 1.9707 1.9008 -0.361415
967 1.78084 0.813266 1.25176
968 2.48259 1.06014 1.43242
969 1.47454 1.91521 1.11034
970 0.93628 1.75251 0.93717
971 1.81519 1.88342 -0.353548
972 1.1077 0.965151 -0.205802
973 0.90113 0.999617 0.765899
974 1.00445 0.0868719 0.714553
975 0.602577 -0.60255 0.498523
976 1.20979 0.284069 1.53378
977 1.22063 -0.104727 1.65026
978 1.68385 0.353644 3.32623
979 1.31438 -0.0374304 3.4097
980 1.30757 -0.651441 2.51524
981 0.60176 -1.1536 3.12608
982 0.997546 -1.12829 3.07606
983 1.49277 -1.33285 2.59004
984 1.08221 -1.17233 1.99686
985 1.28842 -1.17117 1.2011
986 0.679509 -0.529909 2.43309
987 2.10983 -1.56604 3.05874
988 1.40335 -0.835457 3.2129
989 0.941208 0.167654 2.9406
990 0.759817 -0.676724 1.87182
991 1.04721 -0.698634 2.03747
992 1.00998 0.164394 1.16906
993 1.49817 0.507276 0.250523
994 2.4828 0.202361 0.407478
995 2.52201 0.498153 0.763284
996 2.4446 0.140722 1.92324
997 2.81085 -0.182304 1.683
998 2.93177 -0.401671 2.61841
999 3.07101 -0.761614 1.61518
1000 3.50953 -0.0758251 2.20609
1001 3.27518 -0.273528 3.15212
